00100001010010011111111111111011 2149fffb 558497787
00000001001010100100000000100000 012a4020 19546144
00000001100011010101100000100010 018d5822 26040354
00000010011101000000000000011000 02740018 41156632
00000000000000001010100000010010 0000a812 43026
00000000000000001011000000010000 0000b010 45072
00000010111001000000000000011010 02e4001a 48496666
00000000000000001010100000010010 0000a812 43026
00000000000000001011000000010000 0000b010 45072
00000000000100001100100100000000 0010c900 1100032
00000000000100101000100010000010 00128882 1214594
00000001111110000111000000101010 01f8702a 33058858
00100001001010010000000000000100 21290004 556335108
00100001010010100000000000000101 214a0005 558497797
00100001001010010000000000000001 21290001 556335105
00100001010010100000000000000101 214a0005 558497797
00000001001010100100000000100101 012a4025 19546149
00100000000000100000000000001010 2002000a 537001994
00000000000000001101000000001100 0000d00c 53260
