00010000010000000000000000001111 1040000f 272629775
00100000000110110000000000000001 201b0001 538640385
00010000010110110000000000010001 105b0011 274399249
00100000000110110000000000000101 201b0005 538640389
00010000010110110000000000100101 105b0025 274399269
00100000000110110000000000001001 201b0009 538640393
00010000010110110000000010101110 105b00ae 274399406
00100000000110110000000000001010 201b000a 538640394
00010000010110110000000010110100 105b00b4 274399412
00100000000110110000000000001011 201b000b 538640395
00010000010110110000000010110011 105b00b3 274399411
00100000000110110000000000001100 201b000c 538640396
00010000010110110000000010110011 105b00b3 274399411
00100000000110110000000000001101 201b000d 538640397
00010000010110110000000010111110 105b00be 274399422
00001000000000000000000010111101 080000bd 134217917
00100000000111011111000000000000 201df000 538832896
00100000000000100000000000000000 20020000 537001984
10101100000000101111000000000100 ac02f004 -1409093628
00001000000000000000000011100010 080000e2 134217954
00100011101111011111111111111000 23bdfff8 599654392
10101111101010000000000000000000 afa80000 -1347944448
10101111101010010000000000000100 afa90004 -1347878908
00000000000001000000100000101010 0004082a 264234
00010000001000000000000000000110 10200006 270532614
00100000000010000000000000101101 2008002d 537395245
10101100000010001111111100000000 ac08ff00 -1408696576
00100000000010001111111111111111 2008ffff 537460735
00000000100010000000000000011000 00880018 8912920
00000000000000000100000000010010 00004012 16402
00000000100000000100000000100000 00804020 8405024
00000000000010000000100000101010 0008082a 526378
00010000001000000000000000000110 10200006 270532614
00100000000010010000000000001010 2009000a 537460746
00000000100010010000000000011010 0089001a 8978458
00000000000000000100100000010000 00004810 18448
10101100000010011111111100000000 ac09ff00 -1408631040
00000000000000000100000000010010 00004012 16402
00001000000000000000000000011111 0800001f 134217759
10001111101010000000000000000000 8fa80000 -1884815360
10001111101010010000000000000100 8fa90004 -1884749820
00100011101111010000000000001000 23bd0008 599588872
00000011010000000000000000001000 03400008 54525960
00100011101111011111111110111000 23bdffb8 599654328
10101111101010000000000000000000 afa80000 -1347944448
10101111101010010000000000000100 afa90004 -1347878908
10101111101010100000000000001000 afaa0008 -1347813368
10101111101010110000000000001100 afab000c -1347747828
10101111101011000000000000010000 afac0010 -1347682288
10101111101011010000000000010100 afad0014 -1347616748
10101111101011100000000000011000 afae0018 -1347551208
10101111101011110000000000011100 afaf001c -1347485668
10101111101100000000000000100000 afb00020 -1347420128
10101111101100010000000000100100 afb10024 -1347354588
10101111101100100000000000101000 afb20028 -1347289048
10101111101100110000000000101100 afb3002c -1347223508
10101111101101000000000000110000 afb40030 -1347157968
10101111101101010000000000110100 afb50034 -1347092428
10101111101101100000000000111000 afb60038 -1347026888
10101111101101110000000000111100 afb7003c -1346961348
10101111101000110000000001000000 afa30040 -1348272064
00100000000010000000000000110000 20080030 537395248
00100000000010010000000000110001 20090031 537460785
00100000000010100000000000110010 200a0032 537526322
00100000000010110000000000110011 200b0033 537591859
00100000000011000000000000110100 200c0034 537657396
00100000000011010000000000110101 200d0035 537722933
00100000000011100000000000110110 200e0036 537788470
00100000000011110000000000110111 200f0037 537854007
00100000000100000000000000111000 20100038 537919544
00100000000100010000000000111001 20110039 537985081
00100000000100100000000000101101 2012002d 538050605
00100000000100110000000000000000 20130000 538116096
00100000000101000000000000101101 2014002d 538181677
00100000000101010000000000000000 20150000 538247168
00100000000101100000000000001010 2016000a 538312714
00100000000101110000000000000000 20170000 538378240
00100000000000100000000000000000 20020000 537001984
00100000000000110000000000000000 20030000 537067520
10001100000100111111111100010000 8c13ff10 -1944846576
00010010011000000000000001001101 1260004d 308281421
10001100000100111111111100010100 8c13ff14 -1944846572
00010010011100100000000000001010 1272000a 309461002
00010010011010000000000000001011 1268000b 308805643
00010010011010010000000000001111 1269000f 308871183
00010010011010100000000000010011 126a0013 308936723
00010010011010110000000000010111 126b0017 309002263
00010010011011000000000000011011 126c001b 309067803
00010010011011010000000000011111 126d001f 309133343
00010010011011100000000000100011 126e0023 309198883
00010010011011110000000000100111 126f0027 309264423
00010010011100010000000000101011 1271002b 309395499
00010010011100100000000000101111 1272002f 309461039
00001000000000000000000010011110 0800009e 134217886
00100000000101001111111111111111 2014ffff 538247167
00001000000000000000000001010010 08000052 134217810
00100011101111011111111111111100 23bdfffc 599654396
00100010011100110000000000000000 22730000 577961984
10101111101100110000000000000000 afb30000 -1347223552
00100010101101010000000000000001 22b50001 582287361
00001000000000000000000001010010 08000052 134217810
00100011101111011111111111111100 23bdfffc 599654396
00100010011100110000000000000001 22730001 577961985
10101111101100110000000000000000 afb30000 -1347223552
00100010101101010000000000000001 22b50001 582287361
00001000000000000000000001010010 08000052 134217810
00100011101111011111111111111100 23bdfffc 599654396
00100010011100110000000000000010 22730002 577961986
10101111101100110000000000000000 afb30000 -1347223552
00100010101101010000000000000001 22b50001 582287361
00001000000000000000000001010010 08000052 134217810
00100011101111011111111111111100 23bdfffc 599654396
00100010011100110000000000000011 22730003 577961987
10101111101100110000000000000000 afb30000 -1347223552
00100010101101010000000000000001 22b50001 582287361
00001000000000000000000001010010 08000052 134217810
00100011101111011111111111111100 23bdfffc 599654396
00100010011100110000000000000100 22730004 577961988
10101111101100110000000000000000 afb30000 -1347223552
00100010101101010000000000000001 22b50001 582287361
00001000000000000000000001010010 08000052 134217810
00100011101111011111111111111100 23bdfffc 599654396
00100010011100110000000000000101 22730005 577961989
10101111101100110000000000000000 afb30000 -1347223552
00100010101101010000000000000001 22b50001 582287361
00001000000000000000000001010010 08000052 134217810
00100011101111011111111111111100 23bdfffc 599654396
00100010011100110000000000000110 22730006 577961990
10101111101100110000000000000000 afb30000 -1347223552
00100010101101010000000000000001 22b50001 582287361
00001000000000000000000001010010 08000052 134217810
00100011101111011111111111111100 23bdfffc 599654396
00100010011100110000000000000111 22730007 577961991
10101111101100110000000000000000 afb30000 -1347223552
00100010101101010000000000000001 22b50001 582287361
00001000000000000000000001010010 08000052 134217810
00100011101111011111111111111100 23bdfffc 599654396
00100010011100110000000000001000 22730008 577961992
10101111101100110000000000000000 afb30000 -1347223552
00100010101101010000000000000001 22b50001 582287361
00001000000000000000000001010010 08000052 134217810
00100011101111011111111111111100 23bdfffc 599654396
00100010011100110000000000001001 22730009 577961993
10101111101100110000000000000000 afb30000 -1347223552
00100010101101010000000000000001 22b50001 582287361
00001000000000000000000001010010 08000052 134217810
10001111101100110000000000000000 8fb30000 -1884094464
00100011101111010000000000000100 23bd0004 599588868
00010010101000000000000000001001 12a00009 312475657
00100010111000110000000000000000 22e30000 585302016
00100010111101110000000000000001 22f70001 586612737
00100010101101011111111111111111 22b5ffff 582352895
00010000011000000000000000000011 10600003 274726915
00000010011101100000000000011000 02760018 41287704
00000000000000001001100000010010 00009812 38930
00100000011000111111111111111111 2063ffff 543424511
00001000000000000000000010010111 08000097 134217879
00000000010100110001000000100000 00531020 5443616
00001000000000000000000010010001 08000091 134217873
00010010100100100000000000000000 12920000 311558144
00100000000101000000000000000001 20140001 538181633
10001111101010000000000000000000 8fa80000 -1884815360
10001111101010010000000000000100 8fa90004 -1884749820
10001111101010100000000000001000 8faa0008 -1884684280
10001111101010110000000000001100 8fab000c -1884618740
10001111101011000000000000010000 8fac0010 -1884553200
10001111101011010000000000010100 8fad0014 -1884487660
10001111101011100000000000011000 8fae0018 -1884422120
10001111101011110000000000011100 8faf001c -1884356580
10001111101100000000000000100000 8fb00020 -1884291040
10001111101100010000000000100100 8fb10024 -1884225500
10001111101100100000000000101000 8fb20028 -1884159960
10001111101100110000000000101100 8fb3002c -1884094420
10001111101101000000000000110000 8fb40030 -1884028880
10001111101101010000000000110100 8fb50034 -1883963340
10001111101101100000000000111000 8fb60038 -1883897800
10001111101101110000000000111100 8fb7003c -1883832260
10001111101000110000000001000000 8fa30040 -1885142976
00100011101111010000000001000100 23bd0044 599588932
00000000010101000000000000011000 00540018 5505048
00000000000000000001000000010000 00001010 4112
00000011010000000000000000001000 03400008 54525960
00100011101111011111111111111100 23bdfffc 599654396
10101111101010000000000000000000 afa80000 -1347944448
10001100000010001111000000000000 8c08f000 -1945571328
00000001000001000001000000100000 01041020 17043488
10101100000000101111000000000000 ac02f000 -1409093632
10001111101010000000000000000000 8fa80000 -1884815360
00100011101111010000000000000100 23bd0004 599588868
00000011010000000000000000001000 03400008 54525960
00001000000000000000000010111101 080000bd 134217917
10101100000001001111111100000000 ac04ff00 -1408958720
00000011010000000000000000001000 03400008 54525960
00100011101111011111111111111000 23bdfff8 599654392
10101111101110100000000000000000 afba0000 -1346764800
10101111101000100000000000000100 afa20004 -1348337660
10001100000110111111111100010000 8c1bff10 -1944322288
00010011011000000000000000000010 13600002 325058562
10001100000000101111111100010100 8c02ff14 -1945960684
10101100000000001111111100010000 ac00ff10 -1409220848
00001000000000000000000011001001 080000c9 134217929
00100000000000100000000000000000 20020000 537001984
10001111101110100000000000000000 8fba0000 -1883635712
10001111101000100000000000000100 8fa20004 -1885208572
00100011101111010000000000001000 23bd0008 599588872
00000011010000000000000000001000 03400008 54525960
00100011101111011111111111110000 23bdfff0 599654384
10101111101010000000000000000000 afa80000 -1347944448
10101111101010010000000000000100 afa90004 -1347878908
10101111101010100000000000001000 afaa0008 -1347813368
10101111101010110000000000001100 afab000c -1347747828
00000011101000000100000000100000 03a04020 60833824
00000000000000000101100000100000 00005820 22560
10101100000010111111111100000100 ac0bff04 -1408499964
10001101000010010000000000000000 8d090000 -1928790016
00010001001000000000000000000100 11200004 287309828
00100000000010100000000000000001 200a0001 537526273
10101100000010011111111100001100 ac09ff0c -1408631028
10101100000010101111111100001000 ac0aff08 -1408565496
00100001000010000000000000001000 21080008 554172424
00001000000000000000000011010101 080000d5 134217941
10001111101010000000000000000000 8fa80000 -1884815360
10001111101010010000000000000100 8fa90004 -1884749820
10001111101010100000000000001000 8faa0008 -1884684280
10001111101010110000000000001100 8fab000c -1884618740
00100011101111010000000000010000 23bd0010 599588880
00000011010000000000000000001000 03400008 54525960
00100000000000100000000000000000 20020000 537001984
00000000000000001101000000001100 0000d00c 53260
00100000000010000000000000010110 20080016 537395222
