00100011101111011111000000000000 23bdf000 599650304
00100000000100000000000000000000 20100000 537919488
10001110000010000000000000000100 8e080004 -1912078332
00100000000001000000000000001000 20040008 537133064
00000001000000001111100000001001 0100f809 16840713
10001110000010000000000000000000 8e080000 -1912078336
00000001000000001111100000001001 0100f809 16840713
10001100100010000000000000000000 8c880000 -1937244160
00010001000000000000000000000111 11000007 285212679
00100011101111011111111111111100 23bdfffc 599654396
10101111101111110000000000000000 afbf0000 -1346437120
10101100000010001111111100000000 ac08ff00 -1408696576
00100000100001000000000000000100 20840004 545521668
00001100000000000000000000000111 0c000007 201326599
10001111101111110000000000000000 8fbf0000 -1883308032
00100011101111010000000000000100 23bd0004 599588868
00000011111000000000000000001000 03e00008 65011720
00001000000000000000000000010001 08000011 134217745
