00100000000001000000000000000000 20040000 537133056
00001100000000000000000000001000 0c000008 201326600
00000000010000001000000000100000 00408020 4227104
00100000000000100000000000001101 2002000d 537001997
00000000000000001101000000001100 0000d00c 53260
00100011101111010000000011001000 23bd00c8 599589064
00100000000000100000000000001010 2002000a 537001994
00000000000000001101000000001100 0000d00c 53260
00000011101000001110100000100000 03a0e820 60876832
00100000000000100000000000001001 20020009 537001993
00000000000000001101000000001100 0000d00c 53260
00000011101000000100000000100000 03a04020 60833824
00000000100000000100100000100000 00804820 8407072
00100000000010110000000000000001 200b0001 537591809
10001101001010100000000000000000 8d2a0000 -1926627328
10101101000010100000000000000000 ad0a0000 -1391853568
00100001000010000000000000000100 21080004 554172420
00100001001010010000000000000100 21290004 556335108
00010101010010111111111111111011 154bfffb 357302267
00000011101000000001000000100000 03a01020 60821536
00000011111000000000000000001000 03e00008 65011720
