00000000000000000000000010111001 000000b9 185
00000000000000000000000000000000 00000000 0
00000000000000000000000011011100 000000dc 220
00000000000000000000000100010101 00000115 277
00000000000000000000000000000000 00000000 0
00000000000000000000000011011100 000000dc 220
00000000000000000000000000000000 00000000 0
00000000000000000000000010111001 000000b9 185
00000000000000000000000010010011 00000093 147
00000000000000000000000010010011 00000093 147
00000000000000000000000010010011 00000093 147
00000000000000000000000000000000 00000000 0
00000000000000000000000000000000 00000000 0
00000000000000000000000000000000 00000000 0
00000000000000000000000000000000 00000000 0
00000000000000000000000100010101 00000115 277
00000000000000000000000010010011 00000093 147
00000000000000000000000010111001 000000b9 185
00000000000000000000000011011100 000000dc 220
00000000000000000000000100010101 00000115 277
00000000000000000000000000000000 00000000 0
00000000000000000000000011011100 000000dc 220
00000000000000000000000000000000 00000000 0
00000000000000000000000010111001 000000b9 185
00000000000000000000000010100101 000000a5 165
00000000000000000000000010100101 000000a5 165
00000000000000000000000010100101 000000a5 165
00000000000000000000000010011100 0000009c 156
00000000000000000000000010010011 00000093 147
00000000000000000000000000000001 00000001 1
